HI->poco->[(0, 1), (25, 1), (30, 0.5), (35, 0), (100, 0)]
HI->regular->[(0, 0), (33, 0), (44, 0.5), (55, 1), (66, 0.5), (77, 0), (100, 0)]
HI->mucho->[(0, 0), (72.6, 0), (76.3, 0.5), (80, 1), (100, 1)]
AS->nada_bueno->[(0, 1), (20, 1), (25, 0.5), (30, 0), (100, 0)]
AS->casi_bueno->[(0, 0), (28, 0), (34, 0.5), (40, 1), (46, 0.5), (52, 0), (100, 0)]
AS->bueno->[(0, 0), (49.6, 0), (60, 1), (65.2, 0.5), (70.4, 0), (100, 0)]
AS->muy_bueno->[(0, 0), (68.32, 0), (76.66, 0.5), (85, 1)]
CL->esporadico->[(0, 1), (30, 1), (35, 0.5), (40, 0), (100, 0)]
CL->regular->[(0, 0), (38, 0), (44, 0.5), (50, 1), (56, 0.5), (62, 0), (100, 0)]
CL->constante->[(0, 0), (59.6, 0), (64.8, 0.5), (70, 1), (100, 1)]
SP->poco_capaz->[(0, 1), (10, 1), (15, 0.5), (20, 0), (100, 0)]
SP->algo_capaz->[(0, 0), (18, 0), (24, 0.5), (30, 1), (36, 0.5), (42, 0), (100, 0)]
SP->capaz->[(0, 0), (39.6, 0), (49.8, 0.5), (60, 1), (70.2, 0.5), (80.4, 0), (100, 0)]
SP->muy_capaz->[(0, 0), (76.32, 0), (80.66, 0.5), (85, 1), (100, 1)]
TP->poco_capaz->[(0, 1), (10, 1), (15, 0.5), (20, 0), (100, 0)]
TP->algo_capaz->[(0, 0), (18, 0), (24, 0.5), (30, 1), (36, 0.5), (42, 0), (100, 0)]
TP->capaz->[(0, 0), (39.6, 0), (49.8, 0.5), (60, 1), (70.2, 0.5), (80.4, 0), (100, 0)]
TP->muy_capaz->[(0, 0), (76.32, 0), (80.66, 0.5), (85, 1), (100, 1)]
TA->poco->[(0, 1), (20, 1), (25, 0.5), (30, 0), (100, 0)]
TA->regular->[(0, 0), (28, 0), (36.5, 0.5), (45, 1), (53.5, 0.5), (62, 0), (100, 0)]
TA->mucho->[(0, 0), (58.6, 0), (66.8, 0.5), (75, 1), (100, 1)]
GP->poco_capaz->[(0, 1), (20, 1), (25, 0.5), (30, 0), (100, 0)]
GP->algo_capaz->[(0, 0), (28, 0), (34, 0.5), (40, 1), (46, 0.5), (52, 0), (100, 0)]
GP->capaz->[(0, 0), (49.6, 0), (54.8, 0.5), (60, 1), (65.2, 0.5), (70.4, 0), (100, 0)]
GP->muy_capaz->[(0, 0), (68.32, 0), (74.16, 0.5), (80, 1), (100, 1)]
TE->malo->[(0, 1), (20, 1), (27.5, 0.5), (35, 0), (100, 0)]
TE->regular->[(0, 0), (32, 0), (41, 0.5), (50, 1), (59, 0.5), (68, 0), (100, 0)]
TE->bueno->[(0, 0), (64.4, 0), (72.2, 0.5), (80, 1), (100, 1)]
Rendimiento->malo->[(0, 1), (15, 1), (22.5, 0.5), (30, 0), (100, 0)]
Rendimiento->regular->[(0, 0), (27, 0), (36.5, 0.5), (46, 1), (55.5, 0.5), (65, 0), (100, 0)]
Rendimiento->bueno->[(0, 0), (61.2, 0), (66.2, 0.5), (71.2, 1), (76.2, 0.5), (81.2, 0), (100, 0)]
Rendimiento->excelente->[(0, 0), (79.2, 0), (84.6, 0.5), (90, 1), (100, 1)]
